-0.656566
-0.651652
-0.660547
-0.617209
-0.635746
-0.643407
-0.673958
-0.657109
-0.673572
-0.67574
-0.63193
-0.665822
-0.684197
-0.685187
-0.661557
-0.642096
-0.632918
-0.655908
-0.665863
-0.647827
-0.630778
-0.641127
-0.640253
-0.670054
-0.626792
-0.648435
-0.6889
-0.624313
-0.630007
-0.63214
-0.685795
-0.607023
-0.641091
-0.680933
-0.649496
-0.642745
-0.656168
-0.631658
-0.655027
-0.634785
-0.68473
-0.655465
-0.660327
-0.667111
-0.690473
-0.66721
-0.641949
-0.661899
-0.658093
-0.644493
-0.619323
-0.627658
-0.682435
-0.679255
0.630718
-0.612163
-0.640371
-0.67765
-0.687481
-0.680947
-0.619322
-0.685159
-0.6481
-0.679468
-0.671971
-0.638149
-0.684539
-0.625843
-0.620612
-0.674378
-0.649581
-0.632246
-0.648647
-0.665757
-0.630259
-0.640164
-0.687553
-0.613591
-0.689827
-0.627712
-0.664635
-0.653586
-0.623894
-0.628767
-0.663927
-0.687385
-0.648532
-0.605812
-0.667535
-0.664601
-0.623251
-0.648511
-0.647162
-0.647522
-0.684026
-0.607311
-0.66981
-0.676826
-0.669945
-0.683874
-0.641045
-0.651101
-0.689044
-0.669103
-0.677611
-0.688307
-0.680538
-0.678191
-0.663013
-0.685652
-0.664767
-0.654818
-0.666803
-0.625664
-0.630519
-0.680347
-0.660973
-0.666847
-0.651107
-0.677002
-0.685978
-0.643876
-0.668467
-0.672844
-0.602317
-0.645881
-0.671498
-0.673876
-0.671362
-0.66673
-0.636978
-0.617956
-0.621201
-0.66941
-0.636084
-0.664772
-0.667287
-0.660693
-0.647416
-0.618712
-0.644697
-0.66614
-0.680661
-0.653562
-0.645314
-0.63445
-0.681578
-0.624775
-0.670496
-0.621747
-0.685627
-0.692239
-0.662258
-0.65295
-0.62162
-0.663767
-0.626037
0.768951
-0.626987
-0.608357
-0.657003
-0.638988
-0.633444
-0.681038
-0.625912
-0.677969
-0.636557
-0.689904
-0.67223
-0.656937
-0.658293
-0.635871
-0.675412
-0.627369
-0.633281
-0.643917
0.469816
-0.638307
-0.6372
-0.678854
-0.690292
-0.632882
-0.633682
-0.656137
-0.641433
-0.661063
-0.621677
-0.622593
-0.647058
-0.668312
-0.657343
-0.689821
-0.666379
-0.679741
-0.678454
-0.666605
-0.650882
-0.675075
-0.62156
-0.645796
-0.637213
-0.689437
-0.654731
-0.660999
-0.655607
-0.657631
-0.658817
-0.639112
-0.661797
-0.679197
-0.65396
-0.624382
-0.675671
-0.678057
-0.64166
-0.620243
-0.615795
-0.684091
-0.685056
-0.647527
-0.67232
-0.653511
-0.63107
-0.674593
-0.661253
-0.661273
-0.658639
-0.68329
-0.611244
-0.665178
-0.52555
-0.677737
-0.688725
