-0.457484 0.445806
-0.405155 0.199004
-0.128244 0.280195
-0.0952167 0.255856
-0.00245773 0.483306
-0.286975 0.326499
-0.0192334 0.428994
-0.352987 0.207322
-0.242554 0.394892
-0.227864 0.046815
-0.28387 0.422464
-0.113577 0.0959295
-0.109817 0.0906716
-0.210429 0.157066
-0.294008 0.496153
-0.418039 0.167424
-0.461891 0.0872619
-0.48135 0.233707
-0.162944 0.0333516
-0.305109 0.0826993
-0.00459786 0.43532
-0.163674 0.293853
-0.372493 0.296523
-0.36414 0.135241
-0.452035 0.316278
-0.424364 0.474431
-0.478698 0.367545
-0.267251 0.11127
-0.214258 0.302285
-0.150999 0.332343
-0.413174 0.375747
-0.0875416 0.376548
-0.340475 0.266276
-0.426223 0.396314
-0.0437345 0.397191
-0.495296 0.255026
-0.352203 0.279959
-0.247914 0.155008
-0.00871058 0.482228
-0.275718 0.151757
-0.471896 0.40096
-0.00809374 0.0255313
-0.380098 0.0523497
-0.232602 0.260703
-0.33501 0.158819
-0.0110708 0.367543
-0.0231916 0.0247341
-0.213731 0.0304227
-0.0941858 0.489593
-0.387087 0.203185
-0.190477 0.377278
-0.0420059 0.0182461
-0.084712 0.451821
-0.412004 0.283391
-0.335909 0.197285
-0.267724 0.0916342
-0.37125 0.305275
-0.401748 0.0706463
-0.165328 0.400917
-0.422052 0.235714
-0.372136 0.496989
-0.150619 0.423675
-0.465309 0.095893
-0.495927 0.219827
-0.305193 0.0678285
-0.375384 0.230696
-0.150805 0.103428
-0.408869 0.197196
-0.428769 0.357826
-0.26344 0.18086
-0.499845 0.486054
-0.378701 0.32714
-0.0298998 0.298128
-0.0480711 0.165766
-0.347978 0.337699
-0.275108 0.204516
-0.190847 0.372253
-0.476328 0.338018
-0.490901 0.267337
-0.0309131 0.189022
-0.253845 0.337875
-0.107906 0.446841
-0.136441 0.160757
-0.427381 0.118591
-0.394038 0.107752
-0.210912 0.376408
-0.104883 0.0667191
-0.309773 0.186775
-0.347739 0.3224
-0.0886611 0.391394
-0.23781 0.10458
-0.182987 0.319784
-0.130527 0.340177
-0.300297 0.0035428
-0.368574 0.43195
-0.1779 0.312189
-0.186983 0.294783
-0.0167473 0.307732
-0.26586 0.310508
-0.420603 0.0712479
-0.0674948 0.0483905
-0.272892 0.162874
-0.24282 0.0668251
-0.465126 0.0147665
-0.00822578 0.47935
-0.498992 0.18972
-0.297131 0.100485
-0.321913 0.367325
-0.187392 0.178394
-0.441444 0.33022
-0.0736647 0.0865847
-0.410092 0.316831
-0.25988 0.215648
-0.123001 0.0144673
-0.458977 0.30401
-0.17438 0.42704
-0.361655 0.325467
-0.464325 0.0711737
-0.437062 0.472869
-0.0317361 0.459235
-0.442928 0.366126
-0.130619 0.249117
-0.155826 0.365129
-0.0463122 0.441777
-0.0974513 0.433485
-0.289833 0.240299
-0.114314 0.108439
-0.492301 0.449035
-0.203397 0.0427554
-0.417161 0.144883
-0.00631138 0.462581
-0.0804663 0.415784
-0.408053 0.328565
-0.388901 0.194679
-0.149569 0.0273286
-0.0697586 0.337888
-0.164581 0.00529871
-0.477022 0.331684
-0.0295909 0.153318
-0.0240747 0.0543289
-0.0333079 0.187231
-0.4256 0.121664
-0.303277 0.0782196
-0.307854 0.48765
-0.0869794 0.159558
-0.407581 0.236059
-0.0782531 0.172165
-0.167374 0.217203
-0.30334 0.38132
-0.103099 0.470553
-0.241712 0.481616
-0.40311 0.164771
-0.229664 0.449901
-0.399219 0.239499
-0.0983884 0.41179
-0.355381 0.473403
-0.43097 0.358583
-0.116519 0.109912
-0.419358 0.0558537
-0.0555818 0.325852
-0.0397879 0.46462
-0.257219 0.284482
-0.426785 0.369449
-0.0540871 0.191956
-0.480738 0.126162
-0.0845988 0.382724
-0.264741 0.461767
-0.297737 0.446008
-0.195956 0.149821
-0.29382 0.356412
-0.196102 0.239854
-0.348379 0.0805235
-0.270929 0.139575
-0.0677402 0.219704
-0.136012 0.413887
-0.486875 0.102641
-0.213173 0.0816389
-0.297348 0.117848
-0.257377 0.318741
-0.140156 0.267003
-0.454392 0.316366
-0.172384 0.0406827
-0.423136 0.308677
-0.232261 0.116803
-0.284661 0.146803
-0.0338131 0.314828
-0.236186 0.35112
-0.252835 0.459988
-0.131026 0.481595
-0.0841303 0.0588843
-0.223866 0.328931
-0.0482669 0.382928
-0.0102154 0.250369
-0.28017 0.438635
-0.481309 0.0291114
-0.220859 0.0999203
-0.226748 0.328434
-0.402148 0.150483
-0.240693 0.358823
-0.310316 0.30774
-0.35718 0.373729
-0.244026 0.288376
-0.0145343 0.481737
-0.137088 0.0141615
-0.11518 0.356512
-0.259855 0.132039
-0.368784 0.317316
-0.0308097 0.270166
-0.179488 0.193954
-0.395099 0.474514
-0.0431101 0.175277
-0.362229 0.0195665
-0.175605 0.345285
-0.0186901 0.341628
-0.0665571 0.423782
-0.114966 0.0287102
-0.447808 0.204821
-0.225942 0.425491
-0.476913 0.483064
-0.105596 0.268449
-0.343575 0.18863
-0.0602842 0.484796
-0.132632 0.000546049
-0.271612 0.469254
-0.298329 0.173252
-0.378695 0.382225
-0.141055 0.258303
-0.0139679 0.432486
-0.378989 0.376334
-0.48789 0.480402
-0.175732 0.294247
-0.360167 0.220368
-0.0682194 0.384213
